          91
          17
         230
          41
         233
         103
         197
          32
          95
          38
         111
         226
         236
         162
          67
          96
         131
         146
         191
           8
         196
         222
         176
         254
         188
         161
          28
          60
         214
          42
         133
          18
         125
          11
         135
         111
         201
          31
          83
         201
         240
         193
         150
          49
         208
          73
         113
         240
          90
           7
          53
         109
         242
          39
         134
           0
         186
          47
         106
         188
          53
         180
         220
          97
           3
          83
         164
         168
          89
         137
         131
         227
         222
          89
           7
         197
          87
          67
           1
         234
         220
          53
          79
         163
         155
         191
         106
          12
         111
         174
          24
         125
         159
         240
         126
         254
          11
         219
          48
          70
          95
         133
         147
         168
         152
          17
          37
         140
         116
          84
         142
         135
         201
          25
         194
         133
          94
         203
         197
          36
          61
         249
          31
         160
          79
         163
         141
          67
         219
          30
         181
          44
          91
          50
         203
         188
         127
         144
           1
         125
         149
         207
         232
          71
         229
           5
         190
           6
          47
          97
